2.418140589569161
0
19.306662993201343
13.18275377969357
11.853097023494946
11.922266645654247
17.53569016170006
11.884071196400235
14.113038513043321
11.550821801592093
8.741418474474529
10.17954787890158
17.101962879275625
14.797513492018581
11.909184153158542
9.930836371710257
9.438686137201664
8.887511807235015
13.615417832765857
12.536731527299594
11.80151840908215
13.444725102439733
12.271454897445892
12.211517861975764
14.162046243481903
11.642859024253873
12.812968694304232
11.805300361246772
12.17261920775892
10.396040877106309
21.453464375666726
14.697821300113382
15.301568178982393
17.10630664403694
14.867796745320888
10.380763442785629
11.762053354014917
15.522775445533568
11.509194126868294
12.859893454375225
15.79467510168341
12.137301706178505
10.593573288178646
15.606391619869711
15.767401634898725
18.197669199915765
13.396376376522213
10.301335259420433
12.888294156217846
12.41278410245723
7.758967189484238
11.329851929460645
12.375255082703468
13.067696692026544
15.990033610978927
13.400533521693653
10.300751316616527
18.50724995779843
10.523292088332077
15.099345316220024
13.360176253953696
8.850823645291442
11.440414395517436
13.184016984877942
0.6562380563963899
11.515781949253096
11.607282315759889
13.750401101060078
13.733863853046259
13.147733123972564
8.724966082873152
17.268935339264388
11.908822546813532
15.381111472691742
10.816138726915241
13.583419434452182
12.46377502448577
15.36259348135819
0.5274678529378036
8.859762622124201
8.751904096099608
9.701197954440403
11.770303517720812
10.917079633621206
11.152622424559425
0.5795589031173876
11.036996803593347
18.811496504424092
11.49428912746896
15.319058181185866
14.599776809760534
15.893747747001164
12.42172005620187
11.973625199594984
10.220253532442285
10.849126384988708
9.791517538162594
9.909390324559674
10.827888456897021
11.294897486640906
11.651303912146787
13.23917317824148
10.137479521964202
0.5120168021602041
13.019365602276643
0.5621284784920704
12.66088087301479
13.42392858072428
16.97275594223305
12.049186873535646
14.549018300672557
9.707845657650147
18.984412688438773
17.576488960062477
14.447686441115792
15.344867067107558
13.68957208313202
13.4931206256609
14.000899919208997
0.9215284537979898
21.431860736053167
12.776752001540672
15.877202154930238
12.99554698509992
14.75156573330338
11.870264440817955
15.164410027778153
17.298096175763575
15.705391108567916
12.148508045431527
18.347515331906962
15.010319943423681
14.150399148827816
9.066605649796514
9.692356954322534
18.82833860772908
10.73341433689815
19.261605713663528
10.031922340828771
15.94853366990342
11.391498962217419
10.511550776093095
17.033836169165077
15.182842341388472
10.850108032930834
17.09859912124319
14.726007753927817
12.898507418278108
22.246088148960638
13.895917277117782
12.22025599294414
11.462245581484872
11.803671633603187
17.444795919025772
12.012780073061379
14.879104571003047
15.474702762607748
12.335171902736818
11.974419936851675
13.373026616725063
10.959865876054053
14.21179606660752
11.462289966627011
14.686462529906734
15.07341639446178
12.027336749620972
9.467220950654252
14.211099059908257
11.632197769508998
11.615971772823045
15.221165311947445
14.952365944324903
11.526852622892235
14.213149507222148
15.17540869685893
11.300140043869192
15.615048654967211
11.621770951063283
13.228222093727332
16.65141246894568
14.079226311946556
17.70143382095838
14.924926665918768
15.14773963150924
16.684761366371816
11.534032404602875
10.475099703543819
13.637041591601665
13.106527217492342
11.996798682175609
11.034003990170703
9.670143926986185
11.876194719060756
10.16310529208046
14.284268181415278
11.783814324382632
14.559991260445095
15.095779404452344
12.294094034381317
10.038987983478421
9.415238994607819
11.858942173166312
17.810022087967056
14.125327765533939
13.533203693306916
10.543065529394617
10.829420552322098
17.863014230467343
15.46757438007102
8.660237212544736
8.974961864456773
17.061439038996454
11.073900896840726
11.149469610160978
0.49329730824109674
9.19339735722017
9.353222880137452
14.315983372222696
0.5529044265646803
12.786102551846703
10.142920760387163
10.85197854241548
15.946317059908104
0.6917796782011578
17.672455679171456
12.671925123670356
14.431170052340036
14.110641061334022
12.586929898963177
10.595304442652939
12.896752807178196
11.522088088564544
14.997872723497402
12.912750537088229
13.142008065835391
12.225373951658106
15.507588200957592
11.898425327450937
12.20119984178342
13.077080390401584
0.9266513124246103
13.852037088092558
